3.064968442526627354e-02 6.446158854166666060e+03
6.129936885053254014e-02 6.454550403225805894e+03
9.194905327579880328e-02 2.502374043367346530e+03
1.225987377010650803e-01 2.527995535714285779e+03
1.532484221263313573e-01 1.756246071428571440e+03
1.838981065515976066e-01 1.398673611111111086e+03
2.145477909768638836e-01 1.125891196013289118e+03
2.451974754021301606e-01 8.479160104986876831e+02
2.758471598273964376e-01 7.282451838879159141e+02
3.064968442526627146e-01 6.071482500000000755e+02
3.371465286779289916e-01 5.300282921810699008e+02
3.677962131031952131e-01 4.526099434950385785e+02
3.984458975284614901e-01 4.207758551423324320e+02
4.290955819537277671e-01 3.743498298638911024e+02
4.597452663789940441e-01 3.337387252097635724e+02
4.903949508042603211e-01 3.094684504194128181e+02
5.210446352295265982e-01 2.852795204191295397e+02
5.516943196547927641e-01 2.492093525179856215e+02
5.823440040800591522e-01 2.356018242312987638e+02
6.129936885053253182e-01 2.253945917759237147e+02
6.436433729305917062e-01 2.090868699684984335e+02
6.742930573558578722e-01 1.986804998328318277e+02
7.049427417811242602e-01 1.900025749772796075e+02
7.355924262063904262e-01 1.812182678821879449e+02
7.662421106316565922e-01 1.712135766741349130e+02
7.968917950569229802e-01 1.621308389495700624e+02
8.275414794821891462e-01 1.533693194352525779e+02
8.581911639074555342e-01 1.464881800843204189e+02
8.888408483327217002e-01 1.414663151658767788e+02
9.194905327579880883e-01 1.354567855870301116e+02
9.501402171832542543e-01 1.303715317800098887e+02
9.807899016085206423e-01 1.261260510867840878e+02
1.011439586033786808e+00 1.220639400086944022e+02
1.042089270459053196e+00 1.154026789345262216e+02
1.072738954884319362e+00 1.173548111096485371e+02
1.103388639309585528e+00 1.096929697945788291e+02
1.134038323734851916e+00 1.081012446076716742e+02
1.164688008160118304e+00 1.034580710062410986e+02
1.195337692585384470e+00 1.037627800000000065e+02
1.225987377010650636e+00 9.872845211030937662e+01
1.256637061435917024e+00 9.939906759906759248e+01
1.287286745861183412e+00 9.675716009470905021e+01
1.317936430286449578e+00 9.426050635069474026e+01
1.348586114711715744e+00 9.111123242658680965e+01
1.379235799136982132e+00 8.983367378401294445e+01
1.409885483562248520e+00 8.894855080787196755e+01
1.440535167987514686e+00 8.657730131607648616e+01
1.471184852412780852e+00 8.553871361728479883e+01
1.501834536838047018e+00 8.402010673234811122e+01
1.532484221263313406e+00 8.171087990674816126e+01
1.563133905688579794e+00 8.129627906976743645e+01
1.593783590113845960e+00 7.907158394160583725e+01
1.624433274539112126e+00 7.722983302307214615e+01
1.655082958964378514e+00 7.805774825712246923e+01
1.685732643389644902e+00 7.512588238416219610e+01
1.716382327814911068e+00 7.511959204967679682e+01
1.747032012240177234e+00 7.334421015787187059e+01
1.777681696665443623e+00 7.283263799743259881e+01
1.808331381090710011e+00 7.205703610025292960e+01
1.838981065515976177e+00 7.161021399501116491e+01
1.869630749941242343e+00 7.097562936912981968e+01
1.900280434366508731e+00 6.903190777278905443e+01
1.930930118791775119e+00 6.840349396357683531e+01
1.961579803217041285e+00 6.821192342010319010e+01
1.992229487642307451e+00 6.666163801072286788e+01
2.022879172067573617e+00 6.672218488787420654e+01
2.053528856492840227e+00 6.599652082235108708e+01
2.084178540918106393e+00 6.559737396054417502e+01
2.114828225343372559e+00 6.518956800712565780e+01
2.145477909768638725e+00 6.404339852302062752e+01
2.176127594193904891e+00 6.361262186351287085e+01
2.206777278619171501e+00 6.298439829605963780e+01
2.237426963044437667e+00 6.339197882614041646e+01
2.268076647469703833e+00 6.213978880312204467e+01
2.298726331894970443e+00 6.191945848684774489e+01
2.329376016320236609e+00 6.153525967063481517e+01
2.360025700745502775e+00 6.121678013616340053e+01
2.390675385170768941e+00 6.056117772906156915e+01
2.421325069596035107e+00 6.042221669345990165e+01
2.451974754021301717e+00 5.941585030613519791e+01
2.482624438446567883e+00 6.004064986896833744e+01
2.513274122871834049e+00 5.898196442491672542e+01
2.543923807297100215e+00 5.834860652138747383e+01
2.574573491722366825e+00 5.893449179658247061e+01
2.605223176147632991e+00 5.785880727129715950e+01
2.635872860572899157e+00 5.813479460585367775e+01
2.666522544998165323e+00 5.735464340904761116e+01
2.697172229423431489e+00 5.726117462014516235e+01
2.727821913848698099e+00 5.717316180158491790e+01
2.758471598273964265e+00 5.665758358514475646e+01
2.789121282699230431e+00 5.624941697985930489e+01
2.819770967124497041e+00 5.659471912436762864e+01
2.850420651549763207e+00 5.632659886131224880e+01
2.881070335975029373e+00 5.637868702924335906e+01
2.911720020400295539e+00 5.561387795801357470e+01
2.942369704825561705e+00 5.562295280006902942e+01
2.973019389250827871e+00 5.556313254635164611e+01
3.003669073676094481e+00 5.546832327593255485e+01
3.034318758101360647e+00 5.523007617331477093e+01
3.064968442526626813e+00 5.573685716556712322e+01
3.095618126951893423e+00 5.585713004134487392e+01
3.126267811377159589e+00 5.548583141212574787e+01
3.156917495802425755e+00 5.524075694350966614e+01
3.187567180227691921e+00 5.526255919214854373e+01
3.218216864652958087e+00 5.586729212028063785e+01
3.248866549078224697e+00 5.544969913367569347e+01
3.279516233503490863e+00 5.537456996810451670e+01
3.310165917928757029e+00 5.550632219260474187e+01
3.340815602354023639e+00 5.612841686027215360e+01
3.371465286779289805e+00 5.566407309398739045e+01
3.402114971204555971e+00 5.557498793986884067e+01
3.432764655629822137e+00 5.624526497155815719e+01
3.463414340055088303e+00 5.587807018635860601e+01
3.494064024480354469e+00 5.653655653191307806e+01
3.524713708905621079e+00 5.643344606470538594e+01
3.555363393330887245e+00 5.671016779511332828e+01
3.586013077756153411e+00 5.743640525822898724e+01
3.616662762181420021e+00 5.746813001023612344e+01
3.647312446606686187e+00 5.775209019221848905e+01
3.677962131031952353e+00 5.835050219469533062e+01
3.708611815457218519e+00 5.857678794122431754e+01
3.739261499882484685e+00 5.940718428557695319e+01
3.769911184307751295e+00 6.014790538764783889e+01
3.800560868733017461e+00 6.057081580723892245e+01
3.831210553158283627e+00 6.086059297668647616e+01
3.861860237583550237e+00 6.186972545614265329e+01
3.892509922008816403e+00 6.253912397921306621e+01
