3.064968442526627354e-02 5.271210503472221717e+03
6.129936885053254014e-02 6.278099294354838094e+03
9.194905327579880328e-02 2.545227200255101707e+03
1.225987377010650803e-01 2.433225446428571558e+03
1.532484221263313573e-01 1.636384821428571513e+03
1.838981065515976066e-01 1.252870833333333394e+03
2.145477909768638836e-01 1.041952034883720899e+03
2.451974754021301606e-01 7.927568897637795544e+02
2.758471598273964376e-01 6.813343366900174942e+02
3.064968442526627146e-01 5.590990500000000338e+02
3.371465286779289916e-01 5.088764146090534837e+02
3.677962131031952131e-01 4.325055815876515908e+02
3.984458975284614901e-01 3.894945477502295716e+02
4.290955819537277671e-01 3.585372297838270583e+02
4.597452663789940441e-01 3.245225734172387888e+02
4.903949508042603211e-01 2.900186863391252245e+02
5.210446352295265982e-01 2.748020049704460348e+02
5.516943196547927641e-01 2.380963129496402928e+02
5.823440040800591522e-01 2.270410165213400830e+02
6.129936885053253182e-01 2.096147943980929540e+02
6.436433729305917062e-01 1.994466660833041658e+02
6.742930573558578722e-01 1.925356068204613678e+02
7.049427417811242602e-01 1.771213079369887851e+02
7.355924262063904262e-01 1.760503681626928483e+02
7.662421106316565922e-01 1.634374222056260919e+02
7.968917950569229802e-01 1.539587642342551703e+02
8.275414794821891462e-01 1.466637988087359190e+02
8.581911639074555342e-01 1.410233888777353854e+02
8.888408483327217002e-01 1.361033530805687235e+02
9.194905327579880883e-01 1.275352307144129753e+02
9.501402171832542543e-01 1.269570023052856982e+02
9.807899016085206423e-01 1.257944034586704873e+02
1.011439586033786808e+00 1.192857556875815135e+02
1.042089270459053196e+00 1.102854395418191586e+02
1.072738954884319362e+00 1.118968507305515203e+02
1.103388639309585528e+00 1.072874756898018802e+02
1.134038323734851916e+00 1.060585140492013494e+02
1.164688008160118304e+00 1.023752189860943815e+02
1.195337692585384470e+00 1.008877933333333345e+02
1.225987377010650636e+00 9.793780270831273072e+01
1.256637061435917024e+00 9.672883449883450169e+01
1.287286745861183412e+00 9.269005555049631084e+01
1.317936430286449578e+00 9.202837567129827789e+01
1.348586114711715744e+00 9.225648864487148160e+01
1.379235799136982132e+00 8.900369999229168627e+01
1.409885483562248520e+00 8.738508882762846497e+01
1.440535167987514686e+00 8.522236057587434743e+01
1.471184852412780852e+00 8.418501857840776381e+01
1.501834536838047018e+00 8.326113300492610847e+01
1.532484221263313406e+00 8.267884033772288888e+01
1.563133905688579794e+00 7.914303100775194366e+01
1.593783590113845960e+00 7.909455474452555279e+01
1.624433274539112126e+00 7.647085660292209752e+01
1.655082958964378514e+00 7.709597491354229248e+01
1.685732643389644902e+00 7.621479751605541253e+01
1.716382327814911068e+00 7.455581640962996914e+01
1.747032012240177234e+00 7.455002293245787826e+01
1.777681696665443623e+00 7.365825726239718563e+01
1.808331381090710011e+00 7.337249367670729328e+01
1.838981065515976177e+00 7.174158133123277992e+01
1.869630749941242343e+00 7.082923939614873632e+01
1.900280434366508731e+00 6.989022016723647823e+01
1.930930118791775119e+00 6.943674033149170555e+01
1.961579803217041285e+00 6.887809869263296036e+01
1.992229487642307451e+00 6.916399981512294914e+01
2.022879172067573617e+00 6.769353665721544644e+01
2.053528856492840227e+00 6.703222192936215151e+01
2.084178540918106393e+00 6.683062958839289536e+01
2.114828225343372559e+00 6.620731204433741368e+01
2.145477909768638725e+00 6.584195176943437389e+01
2.176127594193904891e+00 6.516049224868147860e+01
2.206777278619171501e+00 6.508664993153811906e+01
2.237426963044437667e+00 6.344857241399994052e+01
2.268076647469703833e+00 6.318986914976039770e+01
2.298726331894970443e+00 6.295897952189186952e+01
2.329376016320236609e+00 6.243793473180656406e+01
2.360025700745502775e+00 6.244153651047924569e+01
2.390675385170768941e+00 6.204918649797945562e+01
2.421325069596035107e+00 6.195221873484906894e+01
2.451974754021301717e+00 6.150464825690365700e+01
2.482624438446567883e+00 6.148701704613757357e+01
2.513274122871834049e+00 6.113759360309923352e+01
2.543923807297100215e+00 6.052757493125043453e+01
2.574573491722366825e+00 6.043742483037193125e+01
2.605223176147632991e+00 6.038638598177805505e+01
2.635872860572899157e+00 5.970135712598509059e+01
2.666522544998165323e+00 5.994228285950168811e+01
2.697172229423431489e+00 5.955794456894957278e+01
2.727821913848698099e+00 5.968928678904605079e+01
2.758471598273964265e+00 5.920401111219417345e+01
2.789121282699230431e+00 5.895623012431338594e+01
2.819770967124497041e+00 5.962795967878434311e+01
2.850420651549763207e+00 5.847296537873343425e+01
2.881070335975029373e+00 5.876750717988548445e+01
2.911720020400295539e+00 5.867651038977226818e+01
2.942369704825561705e+00 5.860462507550263211e+01
2.973019389250827871e+00 5.791394001650303380e+01
3.003669073676094481e+00 5.852097744852736838e+01
3.034318758101360647e+00 5.843920468506839683e+01
3.064968442526626813e+00 5.814607344408234724e+01
3.095618126951893423e+00 5.836539121616350201e+01
3.126267811377159589e+00 5.834733270226116986e+01
3.156917495802425755e+00 5.875701455257922845e+01
3.187567180227691921e+00 5.842250496691215034e+01
3.218216864652958087e+00 5.854990465212255657e+01
3.248866549078224697e+00 5.888509822609784550e+01
3.279516233503490863e+00 5.860538741173029820e+01
3.310165917928757029e+00 5.889907046681702951e+01
3.340815602354023639e+00 5.906059741121805473e+01
3.371465286779289805e+00 5.923980673275669773e+01
3.402114971204555971e+00 5.926351712538625094e+01
3.432764655629822137e+00 5.946540737080815830e+01
3.463414340055088303e+00 6.008913343873321367e+01
3.494064024480354469e+00 6.021332463955344849e+01
3.524713708905621079e+00 6.100476987041952981e+01
3.555363393330887245e+00 6.099756844274359224e+01
3.586013077756153411e+00 6.115601840611378748e+01
3.616662762181420021e+00 6.158971557385533657e+01
3.647312446606686187e+00 6.226884567084139377e+01
3.677962131031952353e+00 6.305005995533603169e+01
3.708611815457218519e+00 6.315962695873773924e+01
3.739261499882484685e+00 6.362186368442977624e+01
3.769911184307751295e+00 6.408674375821287583e+01
3.800560868733017461e+00 6.512031988367866120e+01
3.831210553158283627e+00 6.610414922271429816e+01
3.861860237583550237e+00 6.652353665801670957e+01
3.892509922008816403e+00 6.716758228161346267e+01
