3.064968442526627354e-02 7.799429687500000000e+03
6.129936885053254014e-02 6.433288810483871202e+03
9.194905327579880328e-02 2.762981186224489647e+03
1.225987377010650803e-01 2.684380952380952749e+03
1.532484221263313573e-01 2.002351607142857119e+03
1.838981065515976066e-01 1.597900972222222208e+03
2.145477909768638836e-01 1.259639223421926999e+03
2.451974754021301606e-01 9.753005249343831338e+02
2.758471598273964376e-01 8.071262040280209931e+02
3.064968442526627146e-01 6.945369000000000597e+02
3.371465286779289916e-01 5.829555898491083781e+02
3.677962131031952131e-01 5.119395672546858123e+02
3.984458975284614901e-01 4.612456668962350932e+02
4.290955819537277671e-01 4.046755654523618659e+02
4.597452663789940441e-01 3.623266828756674727e+02
4.903949508042603211e-01 3.493125748951467813e+02
5.210446352295265982e-01 3.021338997850618284e+02
5.516943196547927641e-01 2.773598321342925601e+02
5.823440040800591522e-01 2.638217932537861543e+02
6.129936885053253182e-01 2.413179876837504878e+02
6.436433729305917062e-01 2.297945616030801546e+02
6.742930573558578722e-01 2.149220160481444282e+02
7.049427417811242602e-01 2.080969024538018743e+02
7.355924262063904262e-01 1.927084326788218789e+02
7.662421106316565922e-01 1.839741100323624607e+02
7.968917950569229802e-01 1.777075296304903418e+02
8.275414794821891462e-01 1.632551566291639062e+02
8.581911639074555342e-01 1.571420773940975835e+02
8.888408483327217002e-01 1.521338033175355520e+02
9.194905327579880883e-01 1.445007683057188785e+02
9.501402171832542543e-01 1.384321896097480646e+02
9.807899016085206423e-01 1.352828216722195975e+02
1.011439586033786808e+00 1.283148819011737487e+02
1.042089270459053196e+00 1.284074657719940262e+02
1.072738954884319362e+00 1.211794540608134696e+02
1.103388639309585528e+00 1.168765725659414159e+02
1.134038323734851916e+00 1.135794858342077589e+02
1.164688008160118304e+00 1.107389617321800017e+02
1.195337692585384470e+00 1.065324399999999940e+02
1.225987377010650636e+00 1.044579050113670036e+02
1.256637061435917024e+00 1.003639860139860076e+02
1.287286745861183412e+00 9.867769328840725507e+01
1.317936430286449578e+00 9.605338419572073860e+01
1.348586114711715744e+00 9.532383953082106132e+01
1.379235799136982132e+00 9.128034186387111504e+01
1.409885483562248520e+00 8.996871889118615684e+01
1.440535167987514686e+00 8.824628262924451860e+01
1.471184852412780852e+00 8.561505711140164010e+01
1.501834536838047018e+00 8.427445812807881964e+01
1.532484221263313406e+00 8.275381986012223479e+01
1.563133905688579794e+00 8.121637209302325289e+01
1.593783590113845960e+00 8.016881751824817570e+01
1.624433274539112126e+00 7.841992440909346840e+01
1.655082958964378514e+00 7.652631470604380581e+01
1.685732643389644902e+00 7.501949869964438733e+01
1.716382327814911068e+00 7.394237669873263030e+01
1.747032012240177234e+00 7.302717496258388508e+01
1.777681696665443623e+00 7.193517329910140745e+01
1.808331381090710011e+00 7.094549321683145138e+01
1.838981065515976177e+00 6.908287383484311306e+01
1.869630749941242343e+00 6.765078590727796382e+01
1.900280434366508731e+00 6.805801272809655700e+01
1.930930118791775119e+00 6.626040004092489255e+01
1.961579803217041285e+00 6.622542382744306622e+01
1.992229487642307451e+00 6.597583656868182800e+01
2.022879172067573617e+00 6.426178333394705078e+01
2.053528856492840227e+00 6.377195132665612221e+01
2.084178540918106393e+00 6.294308653143593091e+01
2.114828225343372559e+00 6.161718157226272297e+01
2.145477909768638725e+00 6.141662990556481816e+01
2.176127594193904891e+00 6.082362553939587713e+01
2.206777278619171501e+00 6.024151072569603116e+01
2.237426963044437667e+00 5.926779608913415132e+01
2.268076647469703833e+00 5.892110964446612797e+01
2.298726331894970443e+00 5.801828606517579345e+01
2.329376016320236609e+00 5.741473070684298818e+01
2.360025700745502775e+00 5.631380323054332138e+01
2.390675385170768941e+00 5.686574575420618061e+01
2.421325069596035107e+00 5.635015565592385656e+01
2.451974754021301717e+00 5.567735849056603570e+01
2.482624438446567883e+00 5.455352463154858356e+01
2.513274122871834049e+00 5.441516074929723601e+01
2.543923807297100215e+00 5.418691216231830765e+01
2.574573491722366825e+00 5.348063176526652285e+01
2.605223176147632991e+00 5.378283335882365179e+01
2.635872860572899157e+00 5.338726405978225387e+01
2.666522544998165323e+00 5.336696902982705382e+01
2.697172229423431489e+00 5.262049982523593883e+01
2.727821913848698099e+00 5.197698866486107505e+01
2.758471598273964265e+00 5.179860122818988799e+01
2.789121282699230431e+00 5.099296521152549388e+01
2.819770967124497041e+00 5.131038779079607792e+01
2.850420651549763207e+00 5.076712177325741493e+01
2.881070335975029373e+00 5.104909416035980740e+01
2.911720020400295539e+00 5.013016595146098098e+01
2.942369704825561705e+00 5.045834843385969748e+01
2.973019389250827871e+00 5.014192614047791352e+01
3.003669073676094481e+00 5.005359041030924061e+01
3.034318758101360647e+00 5.007812679171103554e+01
3.064968442526626813e+00 4.965334234162626359e+01
3.095618126951893423e+00 4.929765972384740991e+01
3.126267811377159589e+00 4.940893857733941985e+01
3.156917495802425755e+00 4.931601755881604987e+01
3.187567180227691921e+00 4.921312161092272675e+01
3.218216864652958087e+00 4.908521894434245780e+01
3.248866549078224697e+00 4.909863863322759414e+01
3.279516233503490863e+00 4.899745811106313909e+01
3.310165917928757029e+00 4.900398469004169044e+01
3.340815602354023639e+00 4.873816130102887456e+01
3.371465286779289805e+00 4.910851534420790898e+01
3.402114971204555971e+00 4.909579003637596628e+01
3.432764655629822137e+00 4.921546754842714932e+01
3.463414340055088303e+00 4.911002564453684727e+01
3.494064024480354469e+00 4.952764743878807252e+01
3.524713708905621079e+00 4.925923063868989260e+01
3.555363393330887245e+00 4.932216073005592705e+01
3.586013077756153411e+00 4.989445966725630655e+01
3.616662762181420021e+00 4.986206539616087952e+01
3.647312446606686187e+00 5.031609136883548672e+01
3.677962131031952353e+00 4.995872432646505956e+01
3.708611815457218519e+00 5.087972130347557709e+01
3.739261499882484685e+00 5.109914976340778026e+01
3.769911184307751295e+00 5.180978712220762361e+01
3.800560868733017461e+00 5.196631354832008753e+01
3.831210553158283627e+00 5.225459763737427465e+01
3.861860237583550237e+00 5.345415349818754436e+01
3.892509922008816403e+00 5.347151695124968995e+01
