3.064968442526627354e-02 7.294216145833333030e+03
6.129936885053254014e-02 6.656789818548387302e+03
9.194905327579880328e-02 2.552964923469387486e+03
1.225987377010650803e-01 2.641868750000000091e+03
1.532484221263313573e-01 1.885141964285714266e+03
1.838981065515976066e-01 1.502714583333333394e+03
2.145477909768638836e-01 1.210495016611295796e+03
2.451974754021301606e-01 9.254690780839895297e+02
2.758471598273964376e-01 7.860507333625218962e+02
3.064968442526627146e-01 6.602125500000000784e+02
3.371465286779289916e-01 5.672525720164608174e+02
3.677962131031952131e-01 5.019928335170893092e+02
3.984458975284614901e-01 4.498674242424242493e+02
4.290955819537277671e-01 3.994109037229783326e+02
4.597452663789940441e-01 3.638525696033562440e+02
4.903949508042603211e-01 3.357250224685440685e+02
5.210446352295265982e-01 2.998845042987641136e+02
5.516943196547927641e-01 2.737522182254196537e+02
5.823440040800591522e-01 2.555221145020651647e+02
6.129936885053253182e-01 2.358822506952721483e+02
6.436433729305917062e-01 2.244093235911795432e+02
6.742930573558578722e-01 2.124956327315279054e+02
7.049427417811242602e-01 2.043610648288397442e+02
7.355924262063904262e-01 1.892620266479663371e+02
7.662421106316565922e-01 1.853588654468508707e+02
7.968917950569229802e-01 1.756354432953753246e+02
8.275414794821891462e-01 1.612765001103022087e+02
8.581911639074555342e-01 1.570066628187111064e+02
8.888408483327217002e-01 1.523959241706160981e+02
9.194905327579880883e-01 1.451775565651167028e+02
9.501402171832542543e-01 1.386334184093528847e+02
9.807899016085206423e-01 1.384794938917975742e+02
1.011439586033786808e+00 1.295167729314592009e+02
1.042089270459053196e+00 1.270022197370204537e+02
1.072738954884319362e+00 1.232720893115703404e+02
1.103388639309585528e+00 1.197721146833596748e+02
1.134038323734851916e+00 1.152726550658738489e+02
1.164688008160118304e+00 1.129549641410270482e+02
1.195337692585384470e+00 1.105836266666666603e+02
1.225987377010650636e+00 1.073839329840861865e+02
1.256637061435917024e+00 1.051417482517482540e+02
1.287286745861183412e+00 1.042436253528822476e+02
1.317936430286449578e+00 9.904609581450857547e+01
1.348586114711715744e+00 9.750326511937443286e+01
1.379235799136982132e+00 9.585409118939335826e+01
1.409885483562248520e+00 9.290422314112872471e+01
1.440535167987514686e+00 9.258094597542354620e+01
1.471184852412780852e+00 9.039476536159087061e+01
1.501834536838047018e+00 9.003953201970443843e+01
1.532484221263313406e+00 8.734691418310124789e+01
1.563133905688579794e+00 8.599970542635658433e+01
1.593783590113845960e+00 8.512193430656934368e+01
1.624433274539112126e+00 8.252733824110114824e+01
1.655082958964378514e+00 8.176460174562221539e+01
1.685732643389644902e+00 8.047802664402101414e+01
1.716382327814911068e+00 7.939564564564564364e+01
1.747032012240177234e+00 7.767400304156809909e+01
1.777681696665443623e+00 7.777446750344697080e+01
1.808331381090710011e+00 7.596162911014026520e+01
1.838981065515976177e+00 7.583223381908888427e+01
1.869630749941242343e+00 7.455382875155466138e+01
1.900280434366508731e+00 7.370009679943980530e+01
1.930930118791775119e+00 7.298991201145896923e+01
1.961579803217041285e+00 7.225679869651239073e+01
1.992229487642307451e+00 7.106324644111666089e+01
2.022879172067573617e+00 6.954103453989762329e+01
2.053528856492840227e+00 6.944868212967844556e+01
2.084178540918106393e+00 6.884656936084338952e+01
2.114828225343372559e+00 6.835151997492823739e+01
2.145477909768638725e+00 6.701765758258994765e+01
2.176127594193904891e+00 6.699992408502477304e+01
2.206777278619171501e+00 6.567046249809828851e+01
2.237426963044437667e+00 6.593211468674084585e+01
2.268076647469703833e+00 6.502050274039427791e+01
2.298726331894970443e+00 6.501276668665924774e+01
2.329376016320236609e+00 6.465470953729415271e+01
2.360025700745502775e+00 6.419669603524229728e+01
2.390675385170768941e+00 6.299772193021843236e+01
2.421325069596035107e+00 6.213940774196841232e+01
2.451974754021301717e+00 6.225317380982131255e+01
2.482624438446567883e+00 6.213337580842930663e+01
2.513274122871834049e+00 6.152582500649611319e+01
2.543923807297100215e+00 6.047269660065168040e+01
2.574573491722366825e+00 6.117957882315564433e+01
2.605223176147632991e+00 6.066179619393038536e+01
2.635872860572899157e+00 5.996528806716914062e+01
2.666522544998165323e+00 5.964252524397214472e+01
2.697172229423431489e+00 5.954809609967720263e+01
2.727821913848698099e+00 5.935387200320995760e+01
2.758471598273964265e+00 5.859304513110439672e+01
2.789121282699230431e+00 5.809578876361183575e+01
2.819770967124497041e+00 5.813308446015835074e+01
2.850420651549763207e+00 5.788080168776370726e+01
2.881070335975029373e+00 5.806972165525711915e+01
2.911720020400295539e+00 5.794627499510336577e+01
2.942369704825561705e+00 5.753518854085771039e+01
2.973019389250827871e+00 5.727198440631156728e+01
3.003669073676094481e+00 5.717447137320316131e+01
3.034318758101360647e+00 5.749004422966664407e+01
3.064968442526626813e+00 5.745976075033781427e+01
3.095618126951893423e+00 5.732091036742335177e+01
3.126267811377159589e+00 5.718982167122157989e+01
3.156917495802425755e+00 5.683430176036852544e+01
3.187567180227691921e+00 5.647674887590935811e+01
3.218216864652958087e+00 5.695051160540209878e+01
3.248866549078224697e+00 5.684740458341038760e+01
3.279516233503490863e+00 5.702863281195593004e+01
3.310165917928757029e+00 5.672013191169434521e+01
3.340815602354023639e+00 5.687019581812147351e+01
3.371465286779289805e+00 5.700437747673025513e+01
3.402114971204555971e+00 5.714596670100001319e+01
3.432764655629822137e+00 5.753500437079548391e+01
3.463414340055088303e+00 5.761521368372567764e+01
3.494064024480354469e+00 5.801914053454558484e+01
3.524713708905621079e+00 5.821290471168649105e+01
3.555363393330887245e+00 5.847406535178097897e+01
3.586013077756153411e+00 5.867521649150798169e+01
3.616662762181420021e+00 5.885928209138901224e+01
3.647312446606686187e+00 5.926100532871737414e+01
3.677962131031952353e+00 5.933742753105026679e+01
3.708611815457218519e+00 6.036305915523504950e+01
3.739261499882484685e+00 6.050828339795558719e+01
3.769911184307751295e+00 6.120803679369251427e+01
3.800560868733017461e+00 6.181377680843329614e+01
3.831210553158283627e+00 6.240515702079151339e+01
3.861860237583550237e+00 6.331985015701202713e+01
3.892509922008816403e+00 6.377776292996782814e+01
