3.064968442526627354e-02 6.983622395833333030e+03
6.129936885053254014e-02 5.609137600806451701e+03
9.194905327579880328e-02 2.579441485969387486e+03
1.225987377010650803e-01 2.319854464285714585e+03
1.532484221263313573e-01 1.805643928571428660e+03
1.838981065515976066e-01 1.417056388888888932e+03
2.145477909768638836e-01 1.065841881229235923e+03
2.451974754021301606e-01 8.225046751968503713e+02
2.758471598273964376e-01 6.757543782837127537e+02
3.064968442526627146e-01 5.827205999999999904e+02
3.371465286779289916e-01 4.909723936899862338e+02
3.677962131031952131e-01 4.238306918412348523e+02
3.984458975284614901e-01 3.703352846648301124e+02
4.290955819537277671e-01 3.358417734187349879e+02
4.597452663789940441e-01 2.956942458047292348e+02
4.903949508042603211e-01 2.814655107849011415e+02
5.210446352295265982e-01 2.415677727028479467e+02
5.516943196547927641e-01 2.168052907673860830e+02
5.823440040800591522e-01 2.159106958467186814e+02
6.129936885053253182e-01 1.950790375446960638e+02
6.436433729305917062e-01 1.789602292614630699e+02
6.742930573558578722e-01 1.622802051989301049e+02
7.049427417811242602e-01 1.595194827325053097e+02
7.355924262063904262e-01 1.461957223001402610e+02
7.662421106316565922e-01 1.407068863579785898e+02
7.968917950569229802e-01 1.328282448291889466e+02
8.275414794821891462e-01 1.226060555923229600e+02
8.581911639074555342e-01 1.160490363380847185e+02
8.888408483327217002e-01 1.115963507109004667e+02
9.194905327579880883e-01 1.035357429182255515e+02
9.501402171832542543e-01 1.019666453976617788e+02
9.807899016085206423e-01 9.616265072187847807e+01
1.011439586033786808e+00 9.194334154470367082e+01
1.042089270459053196e+00 8.969998813880980038e+01
1.072738954884319362e+00 8.560399664341186110e+01
1.103388639309585528e+00 8.130716695028564800e+01
1.134038323734851916e+00 7.723363355485601289e+01
1.164688008160118304e+00 7.559109137194788275e+01
1.195337692585384470e+00 7.182822666666666578e+01
1.225987377010650636e+00 7.107247701887911262e+01
1.256637061435917024e+00 6.762791375291375573e+01
1.287286745861183412e+00 6.541802317639559305e+01
1.317936430286449578e+00 6.386532478049612394e+01
1.348586114711715744e+00 6.111305735795691163e+01
1.379235799136982132e+00 5.917824520157249424e+01
1.409885483562248520e+00 5.682483344819664950e+01
1.440535167987514686e+00 5.664461390242128402e+01
1.471184852412780852e+00 5.473094853092960932e+01
1.501834536838047018e+00 5.339948686371100450e+01
1.532484221263313406e+00 5.219933762837879954e+01
1.563133905688579794e+00 5.051653488372092937e+01
1.593783590113845960e+00 4.902418613138686254e+01
1.624433274539112126e+00 4.776703968522592447e+01
1.655082958964378514e+00 4.730521285063402104e+01
1.685732643389644902e+00 4.595998420996762235e+01
1.716382327814911068e+00 4.538910520690181727e+01
1.747032012240177234e+00 4.387967399700671223e+01
1.777681696665443623e+00 4.281274960775923688e+01
1.808331381090710011e+00 4.182875373649115147e+01
1.838981065515976177e+00 4.128596122707978111e+01
1.869630749941242343e+00 4.041860284341896659e+01
1.900280434366508731e+00 3.953663446883881960e+01
1.930930118791775119e+00 3.905179302230406790e+01
1.961579803217041285e+00 3.813592301276331398e+01
1.992229487642307451e+00 3.739789933444259873e+01
2.022879172067573617e+00 3.673478523032735410e+01
2.053528856492840227e+00 3.600687269372694033e+01
2.084178540918106393e+00 3.510863183257367837e+01
2.114828225343372559e+00 3.483224194240094818e+01
2.145477909768638725e+00 3.378005628533150428e+01
2.176127594193904891e+00 3.345463081348889034e+01
2.206777278619171501e+00 3.281321694812110223e+01
2.237426963044437667e+00 3.248727618990492516e+01
2.268076647469703833e+00 3.163860871187121759e+01
2.298726331894970443e+00 3.165854468340330996e+01
2.329376016320236609e+00 3.056361518159074109e+01
2.360025700745502775e+00 3.048475503938059106e+01
2.390675385170768941e+00 2.968388315152795798e+01
2.421325069596035107e+00 2.958126004746230109e+01
2.451974754021301717e+00 2.931049918780457375e+01
2.482624438446567883e+00 2.849739138797393778e+01
2.513274122871834049e+00 2.863088488885739125e+01
2.543923807297100215e+00 2.806359912647609534e+01
2.574573491722366825e+00 2.786474572809585126e+01
2.605223176147632991e+00 2.764285870348926011e+01
2.635872860572899157e+00 2.688722648113551728e+01
2.666522544998165323e+00 2.663941076229387050e+01
2.697172229423431489e+00 2.648120001233628784e+01
2.727821913848698099e+00 2.602826512187782271e+01
2.758471598273964265e+00 2.560915537576762091e+01
2.789121282699230431e+00 2.546040040474125732e+01
2.819770967124497041e+00 2.534396216124724788e+01
2.850420651549763207e+00 2.497693604554750735e+01
2.881070335975029373e+00 2.469408269060564010e+01
2.911720020400295539e+00 2.449647664749559439e+01
2.942369704825561705e+00 2.436752523945120430e+01
2.973019389250827871e+00 2.387300658437599665e+01
3.003669073676094481e+00 2.380254174230159236e+01
3.034318758101360647e+00 2.354722950282578608e+01
3.064968442526626813e+00 2.333105873936888841e+01
3.095618126951893423e+00 2.323422653873156918e+01
3.126267811377159589e+00 2.305791295784539585e+01
3.156917495802425755e+00 2.290562136372474100e+01
3.187567180227691921e+00 2.280595618660651525e+01
3.218216864652958087e+00 2.249851641548904979e+01
3.248866549078224697e+00 2.232909299116605339e+01
3.279516233503490863e+00 2.242498642004540699e+01
3.310165917928757029e+00 2.217915214271068081e+01
3.340815602354023639e+00 2.218367573846664342e+01
3.371465286779289805e+00 2.194337585739300067e+01
3.402114971204555971e+00 2.193809730244201361e+01
3.432764655629822137e+00 2.177807602650349139e+01
3.463414340055088303e+00 2.190912528476640020e+01
3.494064024480354469e+00 2.172387752739150102e+01
3.524713708905621079e+00 2.178137083772743310e+01
3.555363393330887245e+00 2.171359729172799291e+01
3.586013077756153411e+00 2.167016550472292380e+01
3.616662762181420021e+00 2.175153541812828450e+01
3.647312446606686187e+00 2.179074884883865693e+01
3.677962131031952353e+00 2.176602980165234769e+01
3.708611815457218519e+00 2.176659030526487015e+01
3.739261499882484685e+00 2.189012481174095726e+01
3.769911184307751295e+00 2.188580026281209001e+01
3.800560868733017461e+00 2.201564366204496892e+01
3.831210553158283627e+00 2.221192762819413602e+01
3.861860237583550237e+00 2.240625473307955673e+01
3.892509922008816403e+00 2.252536995793120411e+01
