3.064968442526627354e-02 7.567419270833333030e+03
6.129936885053254014e-02 6.172057459677419502e+03
9.194905327579880328e-02 2.750136160714285325e+03
1.225987377010650803e-01 2.536150000000000091e+03
1.532484221263313573e-01 1.965127321428571349e+03
1.838981065515976066e-01 1.551528749999999945e+03
2.145477909768638836e-01 1.186499792358803916e+03
2.451974754021301606e-01 9.163467847769028367e+02
2.758471598273964376e-01 7.595615148861646730e+02
3.064968442526627146e-01 6.592566500000000360e+02
3.371465286779289916e-01 5.644701646090534268e+02
3.677962131031952131e-01 4.810674958654906277e+02
3.984458975284614901e-01 4.384359504132231109e+02
4.290955819537277671e-01 3.860829413530824468e+02
4.597452663789940441e-01 3.395439073226544906e+02
4.903949508042603211e-01 3.288895671060515156e+02
5.210446352295265982e-01 2.841643941429339293e+02
5.516943196547927641e-01 2.568310551558753332e+02
5.823440040800591522e-01 2.498099759063790657e+02
6.129936885053253182e-01 2.265684843067143390e+02
6.436433729305917062e-01 2.134635325516275657e+02
6.742930573558578722e-01 1.966177699765964348e+02
7.049427417811242602e-01 1.908498371705543661e+02
7.355924262063904262e-01 1.753432152875175518e+02
7.662421106316565922e-01 1.671904873039581787e+02
7.968917950569229802e-01 1.630219323727631888e+02
8.275414794821891462e-01 1.499038026693139045e+02
8.581911639074555342e-01 1.431990940574181934e+02
8.888408483327217002e-01 1.382242535545023543e+02
9.194905327579880883e-01 1.292644641902725766e+02
9.501402171832542543e-01 1.260772476535484969e+02
9.807899016085206423e-01 1.220219240837696475e+02
1.011439586033786808e+00 1.161860147080133316e+02
1.042089270459053196e+00 1.146515605937372868e+02
1.072738954884319362e+00 1.088607015927339603e+02
1.103388639309585528e+00 1.047023823994165639e+02
1.134038323734851916e+00 1.017159117407018698e+02
1.164688008160118304e+00 9.680181758458337526e+01
1.195337692585384470e+00 9.443670000000000186e+01
1.225987377010650636e+00 9.240265147771077636e+01
1.256637061435917024e+00 8.916030885780885740e+01
1.287286745861183412e+00 8.595030621072761789e+01
1.317936430286449578e+00 8.386136092404740339e+01
1.348586114711715744e+00 8.375234485483737501e+01
1.379235799136982132e+00 7.984074616511215083e+01
1.409885483562248520e+00 7.653651696148250494e+01
1.440535167987514686e+00 7.623315822002471975e+01
1.471184852412780852e+00 7.371913920044038093e+01
1.501834536838047018e+00 7.202166666666666117e+01
1.532484221263313406e+00 7.150636380820364479e+01
1.563133905688579794e+00 6.917289922480620135e+01
1.593783590113845960e+00 6.833962773722628015e+01
1.624433274539112126e+00 6.624898459976307663e+01
1.655082958964378514e+00 6.480338420156996904e+01
1.685732643389644902e+00 6.463270925110131770e+01
1.716382327814911068e+00 6.283148826792894681e+01
1.747032012240177234e+00 6.154818230097041010e+01
1.777681696665443623e+00 6.103026196928635727e+01
1.808331381090710011e+00 5.926391699241204947e+01
1.838981065515976177e+00 5.805587829854273707e+01
1.869630749941242343e+00 5.767012265728867959e+01
1.900280434366508731e+00 5.674782716151089801e+01
1.930930118791775119e+00 5.560985778596275253e+01
1.961579803217041285e+00 5.512142607751095369e+01
1.992229487642307451e+00 5.432475041597337651e+01
2.022879172067573617e+00 5.324621184225060944e+01
2.053528856492840227e+00 5.302542611140397355e+01
2.084178540918106393e+00 5.181217598552590431e+01
2.114828225343372559e+00 5.129535595289149796e+01
2.145477909768638725e+00 5.038218475312878297e+01
2.176127594193904891e+00 5.012543151670129760e+01
2.206777278619171501e+00 4.913429560322531842e+01
2.237426963044437667e+00 4.822919353387517560e+01
2.268076647469703833e+00 4.790666518407989116e+01
2.298726331894970443e+00 4.749114614571730897e+01
2.329376016320236609e+00 4.707152626948560936e+01
2.360025700745502775e+00 4.578749833133093006e+01
2.390675385170768941e+00 4.597591849132352593e+01
2.421325069596035107e+00 4.519701319247748472e+01
2.451974754021301717e+00 4.476708109458952833e+01
2.482624438446567883e+00 4.395270538311735464e+01
2.513274122871834049e+00 4.418829872676162296e+01
2.543923807297100215e+00 4.331436461534906357e+01
2.574573491722366825e+00 4.324450836226654360e+01
2.605223176147632991e+00 4.295205269942537285e+01
2.635872860572899157e+00 4.240192241619961777e+01
2.666522544998165323e+00 4.187262378543152863e+01
2.697172229423431489e+00 4.139140983202089075e+01
2.727821913848698099e+00 4.129428729060086312e+01
2.758471598273964265e+00 4.095478116775514366e+01
2.789121282699230431e+00 4.063097234268093416e+01
2.819770967124497041e+00 4.044547984879543634e+01
2.850420651549763207e+00 3.998604278370460463e+01
2.881070335975029373e+00 3.985828080125715900e+01
2.911720020400295539e+00 3.971610192126208716e+01
2.942369704825561705e+00 3.926351281387523073e+01
2.973019389250827871e+00 3.925080831214319943e+01
3.003669073676094481e+00 3.900454218384601290e+01
3.034318758101360647e+00 3.832424850520108350e+01
3.064968442526626813e+00 3.836738335585406645e+01
3.095618126951893423e+00 3.855546844527653860e+01
3.126267811377159589e+00 3.825400018321449380e+01
3.156917495802425755e+00 3.823281883310151130e+01
3.187567180227691921e+00 3.762536785026067321e+01
3.218216864652958087e+00 3.771138410963582999e+01
3.248866549078224697e+00 3.778398082421725235e+01
3.279516233503490863e+00 3.766425477387634402e+01
3.310165917928757029e+00 3.761421638985714822e+01
3.340815602354023639e+00 3.771347494191835636e+01
3.371465286779289805e+00 3.776464973603486186e+01
3.402114971204555971e+00 3.760401374203053848e+01
3.432764655629822137e+00 3.761465420039780838e+01
3.463414340055088303e+00 3.752091710341221642e+01
3.494064024480354469e+00 3.761567196012236280e+01
3.524713708905621079e+00 3.784231244772537650e+01
3.555363393330887245e+00 3.816175743302913759e+01
3.586013077756153411e+00 3.771974610662134353e+01
3.616662762181420021e+00 3.824273983001138788e+01
3.647312446606686187e+00 3.804053388996368312e+01
3.677962131031952353e+00 3.848494240987448478e+01
3.708611815457218519e+00 3.867820582334761781e+01
3.739261499882484685e+00 3.858444419521261182e+01
3.769911184307751295e+00 3.890889093298292067e+01
3.800560868733017461e+00 3.937891675754271148e+01
3.831210553158283627e+00 3.941657167068508016e+01
3.861860237583550237e+00 3.975925411714813862e+01
3.892509922008816403e+00 4.024879732739420746e+01
