3.064968442526627354e-02 7.782727430555554747e+03
6.129936885053254014e-02 6.534061995967741495e+03
9.194905327579880328e-02 2.736815688775509898e+03
1.225987377010650803e-01 2.675632440476190823e+03
1.532484221263313573e-01 1.979702857142857056e+03
1.838981065515976066e-01 1.577870555555555484e+03
2.145477909768638836e-01 1.244926806478405297e+03
2.451974754021301606e-01 9.711644520997375594e+02
2.758471598273964376e-01 8.057630801225919868e+02
3.064968442526627146e-01 6.784092000000000553e+02
3.371465286779289916e-01 5.776378172153634978e+02
3.677962131031952131e-01 5.093221816427783892e+02
3.984458975284614901e-01 4.568467056932965988e+02
4.290955819537277671e-01 4.043007906325059935e+02
4.597452663789940441e-01 3.671772740274599869e+02
4.903949508042603211e-01 3.465954164170161675e+02
5.210446352295265982e-01 3.040151464266523362e+02
5.516943196547927641e-01 2.806769184652278000e+02
5.823440040800591522e-01 2.619109683340982428e+02
6.129936885053253182e-01 2.419047725466825511e+02
6.436433729305917062e-01 2.298208347917395713e+02
6.742930573558578722e-01 2.150000417920427935e+02
7.049427417811242602e-01 2.072183050590730033e+02
7.355924262063904262e-01 1.918681977559607503e+02
7.662421106316565922e-01 1.866715832710978304e+02
7.968917950569229802e-01 1.775095282361143347e+02
8.275414794821891462e-01 1.622389973527465088e+02
8.581911639074555342e-01 1.581327168239309344e+02
8.888408483327217002e-01 1.522928672985781873e+02
9.194905327579880883e-01 1.469086941029752325e+02
9.501402171832542543e-01 1.403853429112465108e+02
9.807899016085206423e-01 1.387634955576709501e+02
1.011439586033786808e+00 1.292495743370525929e+02
1.042089270459053196e+00 1.298823115765216016e+02
1.072738954884319362e+00 1.245739765696985586e+02
1.103388639309585528e+00 1.199291357724565472e+02
1.134038323734851916e+00 1.165612976565232515e+02
1.164688008160118304e+00 1.125751122303733780e+02
1.195337692585384470e+00 1.098945866666666689e+02
1.225987377010650636e+00 1.083285929623406076e+02
1.256637061435917024e+00 1.028424242424242436e+02
1.287286745861183412e+00 1.021501001730261322e+02
1.317936430286449578e+00 9.769243883726878153e+01
1.348586114711715744e+00 9.667751227019383009e+01
1.379235799136982132e+00 9.444207199568333522e+01
1.409885483562248520e+00 9.341120108737270300e+01
1.440535167987514686e+00 9.124010215952883129e+01
1.471184852412780852e+00 8.846347106585014330e+01
1.501834536838047018e+00 8.737068965517241281e+01
1.532484221263313406e+00 8.619110327011530615e+01
1.563133905688579794e+00 8.415553488372093227e+01
1.593783590113845960e+00 8.339417518248176009e+01
1.624433274539112126e+00 8.055177836069273667e+01
1.655082958964378514e+00 7.980542899489488207e+01
1.685732643389644902e+00 7.832223608088742139e+01
1.716382327814911068e+00 7.810178398737720329e+01
1.747032012240177234e+00 7.574395910780670249e+01
1.777681696665443623e+00 7.564150382731897082e+01
1.808331381090710011e+00 7.541660726603817011e+01
1.838981065515976177e+00 7.262371996849154243e+01
1.869630749941242343e+00 7.233346378179011538e+01
1.900280434366508731e+00 7.183259360711784325e+01
1.930930118791775119e+00 7.043597298956414932e+01
1.961579803217041285e+00 6.899072331923807155e+01
1.992229487642307451e+00 6.921257163985949035e+01
2.022879172067573617e+00 6.750368689472327333e+01
2.053528856492840227e+00 6.740568441398700372e+01
2.084178540918106393e+00 6.710135346717233062e+01
2.114828225343372559e+00 6.564782024214032674e+01
2.145477909768638725e+00 6.495324396301016634e+01
2.176127594193904891e+00 6.415176202653029236e+01
2.206777278619171501e+00 6.376851513768446722e+01
2.237426963044437667e+00 6.312757550310409727e+01
2.268076647469703833e+00 6.280499440443054482e+01
2.298726331894970443e+00 6.188429297689430086e+01
2.329376016320236609e+00 6.107934456877354279e+01
2.360025700745502775e+00 6.056901615271659267e+01
2.390675385170768941e+00 6.026273738147434500e+01
2.421325069596035107e+00 5.984072061037536372e+01
2.451974754021301717e+00 5.925759715106834591e+01
2.482624438446567883e+00 5.836603515014545707e+01
2.513274122871834049e+00 5.836873124985235961e+01
2.543923807297100215e+00 5.824508931666397160e+01
2.574573491722366825e+00 5.757353575237706167e+01
2.605223176147632991e+00 5.731400620507329791e+01
2.635872860572899157e+00 5.650424638708152969e+01
2.666522544998165323e+00 5.699616312792396400e+01
2.697172229423431489e+00 5.647485967473323143e+01
2.727821913848698099e+00 5.599424716621527409e+01
2.758471598273964265e+00 5.521511355882640260e+01
2.789121282699230431e+00 5.507134046448877740e+01
2.819770967124497041e+00 5.504802719425271817e+01
2.850420651549763207e+00 5.422112284192876785e+01
2.881070335975029373e+00 5.450015353214240577e+01
2.911720020400295539e+00 5.454637559872509911e+01
2.942369704825561705e+00 5.410921563551644198e+01
2.973019389250827871e+00 5.386363521546569899e+01
3.003669073676094481e+00 5.396778361052511030e+01
3.034318758101360647e+00 5.366916618887706392e+01
3.064968442526626813e+00 5.372221604006040963e+01
3.095618126951893423e+00 5.349274124346672465e+01
3.126267811377159589e+00 5.351515336580300897e+01
3.156917495802425755e+00 5.337643394505017369e+01
3.187567180227691921e+00 5.326557668464215567e+01
3.218216864652958087e+00 5.340603253212653811e+01
3.248866549078224697e+00 5.289827090772010365e+01
3.279516233503490863e+00 5.342489240497513947e+01
3.310165917928757029e+00 5.328344952498120080e+01
3.340815602354023639e+00 5.336993030202455657e+01
3.371465286779289805e+00 5.326517964111273784e+01
3.402114971204555971e+00 5.349469028279378335e+01
3.432764655629822137e+00 5.360261234211293413e+01
3.463414340055088303e+00 5.338146248552826734e+01
3.494064024480354469e+00 5.362746950067640483e+01
3.524713708905621079e+00 5.381595694388887097e+01
3.555363393330887245e+00 5.412254930821312371e+01
3.586013077756153411e+00 5.446951776444336701e+01
3.616662762181420021e+00 5.480961390272234723e+01
3.647312446606686187e+00 5.505822557105522463e+01
3.677962131031952353e+00 5.540514405782114693e+01
3.708611815457218519e+00 5.557425039310307824e+01
3.739261499882484685e+00 5.586008481003193538e+01
3.769911184307751295e+00 5.645434428383705949e+01
3.800560868733017461e+00 5.717121046892039260e+01
3.831210553158283627e+00 5.778544190785557788e+01
3.861860237583550237e+00 5.835022264406232040e+01
3.892509922008816403e+00 5.890002474634991358e+01
